
==================== return series: vw ====================

Asymptotic Eicker-White p-values (paper | ivx)
 pred ew_left_paper ew_right_paper ew_two_paper ew_left_ivx ew_right_ivx ew_two_ivx ew_left_diff ew_right_diff ew_two_diff
   dp         0.745          0.255        0.510       0.886        0.114      0.227        0.141        -0.141      -0.283
   dy         0.925          0.075        0.149       0.930        0.070      0.140        0.005        -0.005      -0.009
   ep         0.914          0.086        0.172       0.971        0.029      0.057        0.057        -0.057      -0.114
   de         0.301          0.699        0.603       0.333        0.667      0.666        0.032        -0.032       0.064
 svar         0.386          0.614        0.771       0.404        0.596      0.809        0.019        -0.019       0.038
   bm         0.718          0.282        0.594       0.835        0.165      0.329        0.117        -0.117      -0.265
 ntis         0.117          0.883        0.234       0.101        0.899      0.202       -0.016         0.016      -0.032
  tbl         0.036          0.964        0.073       0.042        0.958      0.084        0.006        -0.006       0.011
  lty         0.027          0.973        0.054       0.042        0.958      0.083        0.015        -0.015       0.029
  ltr         0.918          0.082        0.164       0.925        0.075      0.151        0.007        -0.007      -0.013
  tms         0.743          0.257        0.513       0.776        0.224      0.448        0.033        -0.033      -0.065
  dfy         0.502          0.498        0.996       0.539        0.461      0.921        0.037        -0.037      -0.075
  dfr         0.803          0.197        0.394       0.803        0.197      0.394        0.000         0.000       0.000
 infl         0.057          0.943        0.111       0.130        0.870      0.260        0.073        -0.073       0.149

Residual wild bootstrap p-values (paper, B = 9999 | ivx, B = 1999 )
 pred rwb_left_paper rwb_right_paper rwb_two_paper rwb_left_ivx rwb_right_ivx rwb_two_ivx rwb_left_diff rwb_right_diff rwb_two_diff
   dp          0.537           0.463         0.612        0.728         0.272       0.344         0.191         -0.191       -0.269
   dy          0.836           0.164         0.287        0.894         0.106       0.197         0.058         -0.058       -0.090
   ep          0.827           0.173         0.272        0.922         0.078       0.125         0.095         -0.095       -0.147
   de          0.224           0.776         0.465        0.260         0.740       0.523         0.037         -0.037        0.059
 svar          0.351           0.649         0.711        0.397         0.603       0.776         0.046         -0.046        0.065
   bm          0.672           0.328         0.453        0.830         0.170       0.217         0.158         -0.158       -0.236
 ntis          0.078           0.922         0.161        0.068         0.932       0.143        -0.011          0.011       -0.018
  tbl          0.034           0.966         0.087        0.047         0.953       0.108         0.013         -0.013        0.021
  lty          0.028           0.972         0.070        0.038         0.962       0.099         0.010         -0.010        0.028
  ltr          0.918           0.082         0.171        0.922         0.078       0.151         0.004         -0.004       -0.020
  tms          0.788           0.212         0.414        0.821         0.179       0.345         0.033         -0.033       -0.069
  dfy          0.459           0.541         0.994        0.480         0.520       0.884         0.021         -0.021       -0.109
  dfr          0.817           0.183         0.374        0.796         0.204       0.417        -0.021          0.021        0.043
 infl          0.096           0.904         0.187        0.117         0.883       0.244         0.021         -0.021        0.057

Estimates (paper | ivx; the paper scales tbl..infl by 100)
 pred b_ols_paper b_ivx_paper rho_paper delta_paper b_ols_ivx b_ivx_ivx rho_ivx delta_ivx b_ols_diff b_ivx_diff rho_diff delta_diff
   dp       0.002       0.003     0.994      -0.980     0.004     0.005   1.000    -0.976      0.002      0.002    0.006      0.004
   dy       0.000       0.000     1.006      -0.060     0.005     0.007   1.000    -0.074      0.005      0.007   -0.006     -0.014
   ep       0.005       0.006     0.989      -0.767     0.007     0.008   1.000    -0.765      0.002      0.002    0.011      0.002
   de      -0.004      -0.004     0.991      -0.073    -0.003    -0.003   0.998    -0.069      0.001      0.001    0.007      0.004
 svar      -0.159      -0.189     0.577      -0.297    -0.128    -0.157   0.657    -0.292      0.031      0.032    0.080      0.005
   bm       0.008       0.007     0.987      -0.821     0.012     0.012   0.997    -0.829      0.004      0.005    0.010     -0.008
 ntis      -0.142      -0.141     0.981      -0.047    -0.139    -0.149   0.986    -0.040      0.003     -0.008    0.005      0.007
  tbl      -0.001      -0.001     0.994      -0.053    -0.090    -0.090   0.997    -0.057     -0.089     -0.089    0.003     -0.004
  lty      -0.001      -0.001     0.997      -0.088    -0.078    -0.088   0.999    -0.088     -0.077     -0.087    0.002      0.000
  ltr       0.001       0.001     0.043       0.055     0.099     0.098   0.079     0.056      0.098      0.097    0.036      0.001
  tms       0.002       0.001     0.962      -0.002     0.142     0.118   0.986     0.000      0.140      0.117    0.024      0.002
  dfy       0.000       0.000     0.975      -0.265     0.103     0.061   0.993    -0.271      0.103      0.061    0.018     -0.006
  dfr       0.002       0.002    -0.102       0.185     0.164     0.162  -0.101     0.186      0.162      0.160    0.001      0.001
 infl      -0.004      -0.005     0.480       0.033    -0.404    -0.425   0.571     0.032     -0.400     -0.420    0.091     -0.001

Mean |diff|: EW p = 0.054 ; RWB p = 0.064 

==================== return series: vwx ====================

Asymptotic Eicker-White p-values (paper | ivx)
 pred ew_left_paper ew_right_paper ew_two_paper ew_left_ivx ew_right_ivx ew_two_ivx ew_left_diff ew_right_diff ew_two_diff
   dp         0.745          0.255        0.510       0.732        0.268      0.536       -0.013         0.013       0.026
   dy         0.925          0.075        0.149       0.817        0.183      0.366       -0.108         0.108       0.216
   ep         0.914          0.086        0.172       0.917        0.083      0.167        0.003        -0.003      -0.005
   de         0.301          0.699        0.603       0.290        0.710      0.580       -0.011         0.011      -0.023
 svar         0.386          0.614        0.771       0.385        0.615      0.769       -0.001         0.001      -0.002
   bm         0.718          0.282        0.594       0.736        0.264      0.529        0.018        -0.018      -0.065
 ntis         0.117          0.883        0.234       0.104        0.896      0.208       -0.013         0.013      -0.026
  tbl         0.036          0.964        0.073       0.034        0.966      0.068       -0.002         0.002      -0.005
  lty         0.027          0.973        0.054       0.031        0.969      0.061        0.003        -0.003       0.007
  ltr         0.918          0.082        0.164       0.928        0.072      0.145        0.010        -0.010      -0.019
  tms         0.743          0.257        0.513       0.771        0.229      0.457        0.028        -0.028      -0.056
  dfy         0.502          0.498        0.996       0.507        0.493      0.985        0.006        -0.006      -0.011
  dfr         0.803          0.197        0.394       0.801        0.199      0.398       -0.002         0.002       0.004
 infl         0.057          0.943        0.111       0.121        0.879      0.242        0.064        -0.064       0.131

Residual wild bootstrap p-values (paper, B = 9999 | ivx, B = 1999 )
 pred rwb_left_paper rwb_right_paper rwb_two_paper rwb_left_ivx rwb_right_ivx rwb_two_ivx rwb_left_diff rwb_right_diff rwb_two_diff
   dp          0.537           0.463         0.612        0.523         0.477       0.641        -0.013          0.013        0.028
   dy          0.836           0.164         0.287        0.770         0.230       0.437        -0.065          0.065        0.150
   ep          0.827           0.173         0.272        0.828         0.172       0.269         0.001         -0.001       -0.003
   de          0.224           0.776         0.465        0.200         0.800       0.415        -0.024          0.024       -0.049
 svar          0.351           0.649         0.711        0.377         0.623       0.739         0.026         -0.026        0.029
   bm          0.672           0.328         0.453        0.680         0.320       0.425         0.008         -0.008       -0.028
 ntis          0.078           0.922         0.161        0.070         0.930       0.147        -0.008          0.008       -0.014
  tbl          0.034           0.966         0.087        0.038         0.962       0.091         0.004         -0.004        0.004
  lty          0.028           0.972         0.070        0.028         0.972       0.079         0.000          0.000        0.008
  ltr          0.918           0.082         0.171        0.927         0.073       0.142         0.010         -0.010       -0.029
  tms          0.788           0.212         0.414        0.819         0.181       0.353         0.031         -0.031       -0.062
  dfy          0.459           0.541         0.994        0.428         0.572       0.979        -0.031          0.031       -0.015
  dfr          0.817           0.183         0.374        0.793         0.207       0.423        -0.024          0.024        0.049
 infl          0.096           0.904         0.187        0.108         0.892       0.225         0.012         -0.012        0.037

Estimates (paper | ivx; the paper scales tbl..infl by 100)
 pred b_ols_paper b_ivx_paper rho_paper delta_paper b_ols_ivx b_ivx_ivx rho_ivx delta_ivx b_ols_diff b_ivx_diff rho_diff delta_diff
   dp       0.002       0.003     0.994      -0.980     0.002     0.003   1.000    -0.978      0.000      0.000    0.006      0.002
   dy       0.000       0.000     1.006      -0.060     0.003     0.004   1.000    -0.076      0.003      0.004   -0.006     -0.016
   ep       0.005       0.006     0.989      -0.767     0.005     0.006   1.000    -0.765      0.000      0.000    0.011      0.002
   de      -0.004      -0.004     0.991      -0.073    -0.004    -0.004   0.998    -0.071      0.000      0.000    0.007      0.002
 svar      -0.159      -0.189     0.577      -0.297    -0.161    -0.192   0.657    -0.291     -0.002     -0.003    0.080      0.006
   bm       0.008       0.007     0.987      -0.821     0.008     0.008   0.997    -0.830      0.000      0.001    0.010     -0.009
 ntis      -0.142      -0.141     0.981      -0.047    -0.150    -0.148   0.986    -0.039     -0.008     -0.007    0.005      0.008
  tbl      -0.001      -0.001     0.994      -0.053    -0.091    -0.096   0.997    -0.056     -0.090     -0.095    0.003     -0.003
  lty      -0.001      -0.001     0.997      -0.088    -0.075    -0.095   0.999    -0.088     -0.074     -0.094    0.002      0.000
  ltr       0.001       0.001     0.043       0.055     0.101     0.100   0.079     0.056      0.100      0.099    0.036      0.001
  tms       0.002       0.001     0.962      -0.002     0.155     0.116   0.986     0.001      0.153      0.115    0.024      0.003
  dfy       0.000       0.000     0.975      -0.265     0.046     0.012   0.993    -0.273      0.046      0.012    0.018     -0.008
  dfr       0.002       0.002    -0.102       0.185     0.166     0.162  -0.101     0.186      0.164      0.160    0.001      0.001
 infl      -0.004      -0.005     0.480       0.033    -0.398    -0.445   0.571     0.034     -0.394     -0.440    0.091      0.001

Mean |diff|: EW p = 0.028 ; RWB p = 0.024 
